$ 1 0.000005 0.13386567243530942 50 5 43 5e-11
L -64 64 -160 64 0 0 false 5 0
L -64 192 -160 192 0 0 false 5 0
L -64 320 -160 320 0 0 false 5 0
I -64 320 48 320 0 0.5 5
152 96 240 160 240 0 2 0 5
w -48 320 -48 256 0
w -48 256 96 256 0
w -64 192 -64 224 0
w -64 224 96 224 0
152 192 80 256 80 0 2 0 5
w -64 64 192 64 0
w 160 240 160 96 0
w 160 96 192 96 0
152 224 304 288 304 0 2 5 5
w 48 320 224 320 0
w 32 64 32 288 0
w 32 288 224 288 0
152 320 176 368 176 0 2 5 5
w 288 304 288 192 0
w 288 192 320 192 0
w 320 160 -64 160 0
w -64 160 -64 192 0
150 400 80 448 80 0 2 0 5
w 400 96 368 96 0
w 368 96 368 176 0
w 256 80 336 80 0
w 336 80 336 64 0
w 336 64 400 64 0
M 448 80 528 80 0 2.5
